1a0q
dssp范围：[[180, 184]]
程序指定范围：[(118, 123), (180, 185), (282, 286), (296, 300)]

1a3r
dssp范围：[[143, 147], [204, 208]]
程序指定范围：[(126, 133), (188, 193), (30, 34), (305, 309)]

1a5d
dssp范围：[[110, 113], [284, 288]]
程序指定范围：[(282, 286), (64, 68), (152, 156), (237, 241), (325, 329)]

1a5i
dssp范围：[[255, 261]]
程序指定范围：[(101, 105), (255, 259), (174, 178), (179, 183)]

1a8g
dssp范围：[[86, 89], [186, 189]]
程序指定范围：[(87, 93), (188, 193)]

1ab9
dssp范围：[[158, 165], [228, 237]]
程序指定范围：[(156, 161), (226, 236), (89, 93), (221, 225)]

1acb
dssp范围：[[162, 169], [232, 241], [254, 264]]
程序指定范围：[(160, 164), (230, 240), (250, 260), (92, 96)]

1acy
dssp范围：[[358, 362], [419, 423]]
程序指定范围：[(124, 131), (186, 191), (288, 292), (302, 306)]

1ai0
dssp范围：[[12, 16], [25, 40], [65, 69], [78, 93], [118, 122], [131, 146], [171, 175], [184, 199], [224, 228], [237, 252], [277, 281], [290, 305]]
程序指定范围：[(11, 18), (62, 69), (113, 120), (164, 171), (215, 222), (266, 273), (23, 34), (74, 85), (125, 136), (176, 187), (227, 238), (240, 244), (278, 289)]

1aiy
dssp范围：[[12, 16], [25, 28], [30, 40], [65, 69], [78, 81], [84, 93], [118, 122], [131, 134], [137, 146], [171, 175], [184, 187], [189, 199], [224, 228], [237, 240], [243, 252], [277, 281], [290, 305]]
程序指定范围：[(11, 18), (62, 69), (113, 120), (164, 171), (215, 222), (266, 273), (23, 34), (74, 85), (125, 136), (176, 187), (227, 238), (278, 289)]

1amc
dssp范围：[[1, 19]]
程序指定范围：[(0, 27), (0, 4), (7, 19)]

1aoh
dssp范围：[[60, 63], [208, 211]]
程序指定范围：[(69, 73), (216, 220)]

1avb
dssp范围：[[187, 190], [414, 417]]
程序指定范围：[(55, 59), (144, 148), (160, 164), (172, 176), (370, 374), (386, 390), (398, 402)]

1ax2
dssp范围：[[199, 202]]
程序指定范围：[(60, 64), (172, 176), (184, 188)]

1ay9
dssp范围：[[8, 12], [117, 121]]
程序指定范围：[(0, 69), (71, 106), (108, 177), (179, 215)]

1azu
dssp范围：[[53, 62], [64, 67]]
程序指定范围：[(51, 55), (58, 63)]

1b1a
dssp范围：[[44, 51], [67, 78], [106, 109], [124, 127]]
程序指定范围：[(73, 80), (102, 110), (126, 134), (26, 30), (42, 53)]

1b53
dssp范围：[[57, 62], [127, 132]]
程序指定范围：[(54, 60), (123, 129), (19, 23), (88, 92)]

1b55
dssp范围：[[83, 86], [111, 125], [275, 289]]
程序指定范围：[(272, 285), (41, 45), (84, 88), (110, 124), (144, 148), (204, 208), (245, 250)]

1bai
dssp范围：[[110, 115], [235, 238]]
程序指定范围：[(110, 117), (236, 242), (45, 49), (170, 174)]

1bf0
dssp范围：[[53, 56]]
程序指定范围：[(49, 55), (4, 8)]

